[[[1.         0.         0.         0.         0.         0.
   0.         0.         0.43364814 0.         0.         0.
   0.         0.        ]]

 [[0.         0.65783359 0.         0.         0.15192335 0.
   0.63959849 0.         0.         0.         0.01437263 0.04274829
   0.         0.        ]]

 [[0.         0.11384068 0.         0.         0.69305467 0.
   0.18775664 0.         0.         0.         0.         0.
   0.         0.        ]]

 [[0.         0.         0.67006259 0.         0.         0.
   0.         0.         0.         0.         0.         0.
   0.         0.        ]]

 [[0.         0.         0.         0.86971625 0.         0.
   0.         0.         0.         0.         0.00500804 0.023939
   0.         0.        ]]

 [[0.         0.         0.         0.         0.         0.
   0.         0.         0.         0.         0.         0.
   1.         0.        ]]

 [[0.37733371 0.         0.         0.         0.         0.00594088
   0.         0.         0.78507767 0.         0.         0.
   0.         0.        ]]

 [[0.         0.         0.         0.         0.         0.76651423
   0.         0.         0.07225083 0.         0.         0.
   0.         0.        ]]

 [[0.         0.         0.         0.         0.         0.
   0.01593256 0.         0.         0.         0.70455422 0.56810797
   0.         0.        ]]

 [[0.         0.         0.         0.         0.         0.
   0.         1.         0.         0.         0.         0.
   0.         0.        ]]

 [[0.         0.01980992 0.         0.03734065 0.         0.
   0.03864426 0.         0.         0.         0.37196597 0.75455019
   0.         0.        ]]

 [[0.         0.         0.         0.         0.         0.
   0.         0.         0.         0.65456589 0.         0.
   0.         0.        ]]]
row_ind [0] col_ind [0] iou 0.999999999999998
row_ind [4] col_ind [3] iou 0.8697162510222363
row_ind [5] col_ind [12] iou 1.0
row_ind [6] col_ind [8] iou 0.7850776711819607
row_ind [7] col_ind [5] iou 0.7665142323033417
row_ind [8] col_ind [10] iou 0.7045542196195286
row_ind [9] col_ind [7] iou 1.0
row_ind [10] col_ind [11] iou 0.7545501863766622
[1359.1   413.27 1479.36  776.04]
[1359.1   413.27 1479.36]
[1, 2, 3, 11]
